8 3
xxxxxxxx
3 3
3 4
3 7
11 3
xooxoxxxxox
5 6
10 43
9 1000
100 1000
xoxxxxooxxoxoxxoooooxoxxoooxxxxoooxxxoxoxxxxoxooxoxoxooxoooxxxoxoxoxxxoxoxoxooxoxoooooxxoxooooxoooox
64 480571
75 960379
72 66602
60 612903
52 570493
17 260757
44 560281
9 209442
7 429690
20 346620
5 744730
82 108118
88 905772
94 890676
55 698928
22 777857
78 872354
88 276966
77 964684
78 28625
11 332872
84 48830
22 530020
10 363369
26 486716
14 518150
52 700724
87 2246
39 493452
41 243556
66 597489
9 888229
56 792351
92 441501
45 87765
61 324915
60 275857
7 346492
36 148366
10 281937
41 452552
90 899229
15 975408
31 276122
54 794396
45 661238
31 573794
60 894429
49 231012
16 639530
21 322405
44 255764
18 854539
60 436841
62 344819
13 670689
88 67918
93 466997
75 987744
52 512184
90 295500
47 206726
47 755591
3 268140
57 469787
85 338083
88 388465
53 939508
73 228805
57 278612
81 127829
33 887344
68 35569
68 755423
45 613811
70 321802
14 473731
53 811306
22 178737
53 248627
70 503466
51 473417
61 213259
60 167638
16 305625
64 532037
81 911900
61 145551
21 290072
88 487132
46 684931
98 845895
71 370164
17 387982
3 252997
67 713774
2 739669
27 681096
21 116467
93 911341
98 327685
28 855543
52 379108
25 219757
14 418419
33 89413
68 32173
13 262010
78 625211
31 467588
94 319302
47 667373
14 401256
54 44600
55 229905
65 939812
3 915668
30 346229
75 829151
22 996659
64 789225
41 867270
81 54082
70 740085
80 811973
36 73851
95 905386
66 739300
53 606043
39 340714
66 256191
58 942591
90 108582
19 499337
40 371156
51 218005
90 614770
34 981777
43 247256
29 348143
99 445885
95 223206
42 679568
3 690614
77 262755
97 154260
41 828203
8 723507
39 902022
94 390869
61 235190
77 949909
34 210499
22 518809
11 686249
97 33334
11 321649
4 999755
47 251747
45 319530
42 238047
67 549798
93 86991
11 3034
97 12498
6 294893
46 519126
9 613997
89 209189
52 703730
77 32461
9 543922
37 26305
36 388028
15 266749
8 308903
18 697698
35 571044
45 132003
40 806404
48 682
99 908539
26 895152
69 282135
35 171693
13 516128
67 755630
95 590965
30 636430
84 576336
7 202901
98 407972
63 260290
33 717989
76 585796
48 53145
16 658391
13 655341
52 570
51 174233
99 956043
94 409118
82 266762
67 526310
16 495426
54 806368
42 504235
43 631627
83 226058
12 673169
46 390359
78 947387
5 204347
97 634995
68 56553
37 893530
10 532291
30 756971
16 819081
3 218594
44 418628
48 561887
7 788356
87 720091
64 59480
42 858970
55 152275
66 47642
6 925434
10 77889
8 524567
35 27285
75 790418
7 372261
56 100238
16 473060
63 648519
81 990784
53 228459
54 967638
64 620484
23 770479
13 149315
73 645730
46 533460
87 89439
30 211389
67 631234
83 933682
91 160359
80 110700
35 101840
69 668364
8 228795
83 319848
34 217463
52 539391
63 745792
39 355116
78 796158
17 631492
35 462952
82 35022
45 393741
73 614031
99 35326
41 187517
92 33003
49 746140
27 785405
57 974581
76 39022
13 539863
71 235380
70 692686
33 299905
10 433484
27 199760
67 889745
52 469912
6 663951
93 777561
82 675106
52 740050
84 588712
60 519935
35 77376
48 593615
68 343769
94 544919
64 376883
21 876983
90 124031
61 311575
17 186594
97 550254
63 803075
66 734714
72 138378
73 415776
93 32920
93 806733
64 11018
72 760236
56 745692
65 423944
89 666329
94 449292
30 894019
35 836837
66 575056
68 963859
19 714905
69 372662
49 689686
41 613074
70 756852
66 349251
70 336504
61 639007
1 414640
47 721121
11 880227
65 387678
91 963982
83 887561
30 127956
82 433519
82 66343
33 245197
89 627322
69 994985
5 794428
91 152041
67 970073
98 245831
75 370348
52 982031
83 653715
23 57523
16 626925
31 189436
55 829205
89 630444
60 945487
66 684279
92 250263
10 989684
63 539849
68 208325
47 449123
94 927336
10 937458
7 102748
62 311777
64 725219
33 621704
20 209934
3 53960
22 862807
26 748721
13 121309
16 742699
10 76377
16 252716
7 825172
43 771560
84 554011
44 178225
41 816540
16 333379
78 945054
96 489115
31 405990
1 28068
60 575224
38 332232
42 292123
89 323876
31 390180
27 202255
67 311132
34 967858
18 199182
41 554604
78 152434
63 590182
1 359416
50 768826
56 138723
83 550552
73 90033
85 443182
71 990416
62 299709
79 860000
34 112298
52 475777
95 68978
41 742588
25 723383
88 544267
71 508861
43 909212
17 669087
66 590931
13 794584
16 651477
50 95821
70 37526
85 538840
96 897491
90 101361
84 247644
15 80929
16 826622
43 917956
23 634226
87 274571
31 220854
61 107723
1 712351
34 9098
67 689127
99 522072
91 533150
81 140529
1 228399
31 836611
51 928578
7 498977
80 754553
68 126088
58 360100
67 448567
56 377018
81 392736
97 491299
69 453196
94 55806
98 423429
48 552529
69 19594
44 322198
29 289673
43 806446
60 522326
81 238284
23 466128
79 565422
24 179335
14 987335
88 548160
18 522958
72 691762
21 492973
95 167717
43 711851
15 375483
63 76218
79 801174
76 486507
25 476365
63 488264
92 323173
33 373538
75 28829
19 107281
52 355857
17 578342
46 725353
89 195512
6 149518
6 113084
14 974113
60 706507
70 104668
28 131490
89 434155
39 39876
31 706142
93 292539
15 290637
66 311957
44 62761
87 726815
18 994315
31 713887
6 346040
38 701536
1 532622
11 611791
30 150110
62 734674
27 395736
95 374296
72 704314
60 353199
97 99356
51 157794
5 588157
29 982934
11 323287
40 275359
90 40141
31 22182
72 933991
56 210051
75 409955
16 668365
17 235625
56 423920
96 225845
70 451239
35 474977
32 520020
55 526344
58 161957
17 232476
76 68012
72 446913
93 361730
46 756869
44 465003
63 549208
20 5217
69 692378
65 757473
86 238958
56 276126
54 366798
58 293419
46 848154
69 775475
10 925394
65 385949
53 450031
25 269560
5 352161
18 406425
26 384281
45 718903
11 873481
57 27584
41 234141
18 342724
96 132558
99 10432
88 124221
99 577691
15 629392
79 938271
22 227668
61 802672
70 458744
88 513900
14 137089
88 952387
39 258233
18 155711
54 800031
72 609664
8 167280
87 429650
39 922352
90 857465
49 487331
14 147516
69 519916
91 843882
49 675635
31 854388
9 623288
81 339644
61 786743
23 890245
30 510140
58 552064
62 636354
28 485270
30 505405
49 626800
84 654820
45 740436
35 240854
86 702451
12 974803
41 245563
35 363611
63 995961
18 596912
5 769830
74 418817
82 300822
6 303606
33 646580
25 161529
9 834448
40 564046
57 23788
85 675552
53 721387
59 799427
15 764795
15 68507
83 346093
59 679665
77 288821
49 954167
67 186355
66 408438
84 99485
76 106313
96 419018
42 25166
87 991609
92 201746
24 867423
33 196296
41 680560
12 425677
75 446572
11 658926
99 720173
8 874090
10 903567
61 255813
61 885197
84 453334
53 65187
7 263371
51 695569
80 286142
47 982640
9 744264
56 263591
9 206203
84 791632
79 478258
74 994572
48 934684
56 151226
72 417541
47 68973
68 340635
79 865726
38 190953
70 585473
1 673340
30 475884
1 747662
24 587543
11 482340
26 335345
92 407331
71 829295
78 260758
47 48861
38 533293
3 581877
89 251991
77 510636
10 41599
45 952742
61 180571
16 132541
54 200802
70 914801
45 615610
51 676441
90 612764
73 881305
45 2607
14 584524
8 564350
85 442531
95 646705
23 291987
9 565626
10 919592
36 222408
27 707132
60 804920
53 139054
87 388428
40 959820
24 837582
41 423769
28 287640
46 892439
66 207395
29 184681
92 804487
60 58753
16 754099
63 149011
92 63180
41 916067
83 994426
55 804979
95 386967
43 416749
5 122273
82 581087
34 365160
63 261901
58 841198
57 943004
41 955952
44 48499
87 529155
6 202907
94 570004
28 976785
37 206798
44 463634
74 546561
46 851015
66 720898
6 595098
53 938330
96 691314
56 852635
56 457915
69 668776
51 34987
3 736627
31 306617
2 389570
67 387410
38 581516
64 222834
95 247777
85 829614
36 22301
58 603787
55 830764
95 256509
4 929417
6 491983
47 253541
24 828827
10 797566
39 329500
9 451547
44 299854
17 84304
54 193843
16 596535
68 849811
29 480870
35 95816
75 748697
92 511383
79 99452
49 825362
49 563038
70 375862
26 305982
66 64089
12 938621
76 823294
16 886629
35 387709
70 556943
75 101997
26 207467
79 898501
38 66488
76 183333
62 445951
38 551634
95 662881
68 402294
14 632855
51 275445
42 830324
49 110752
57 115874
81 716466
84 768682
21 259684
63 48978
5 965015
67 600770
15 314108
4 673392
38 88412
55 309588
16 337837
36 473440
91 546621
90 228372
30 53419
19 188535
70 49765
62 104698
9 966068
89 500336
24 785491
91 112133
79 180530
86 481691
90 638148
20 792350
8 766423
69 621969
31 602256
34 486767
4 710937
65 458261
53 665221
62 619205
52 232984
72 78722
2 736998
11 667128
55 492729
93 219171
36 972799
51 139564
68 793661
38 568617
77 128224
54 84293
23 247036
52 632564
44 621863
35 59896
59 887661
69 422377
65 362174
36 574888
74 754674
64 18482
40 321930
51 983045
31 952281
2 544210
59 639748
86 952367
70 203760
54 831743
45 869402
10 713172
88 62959
59 414423
54 257756
70 829091
21 816072
33 772604
45 38321
66 769943
71 340013
81 103808
21 975359
9 382895
3 190159
5 521091
47 622627
49 332974
86 918866
86 143422
98 769410
63 705401
86 852787
79 239834
77 266357
5 914411
10 356632
75 586129
50 623447
20 27459
42 700011
97 873166
34 331868
21 40927
49 986239
57 943706
61 189563
62 373833
15 643462
76 449808
81 172498
38 32539
64 415140
20 377471
94 620393
64 368543
60 502534
22 675744
3 480551
11 601486
47 933721
95 255141
84 710648
51 681984
96 791695
89 296631
4 45064
66 493321
36 980539
80 531493
24 308423
62 437686
2 658095
75 161709
23 862803
51 121785
53 341088
73 436158
2 38603
35 438549
46 798987
70 310841
46 97052
14 336957
22 707655
9 194873
35 768483
28 376089
52 262338
38 565221
88 333695
42 438015
31 580283
75 242870
32 25016
25 481885
29 449300
23 700755
29 113237
52 140293
27 906159
92 386024
31 967722
93 617570
20 816261
55 387903
16 386148
46 341090
5 216440
73 618018
28 265376
11 614512
89 408979
26 777378
65 352977
65 892162
38 252834
48 450128
74 73000
47 483317
68 766840
97 555568
93 213487
23 635768
61 996967
31 220436
90 870038
40 9720
70 150213
93 833935
42 221118
26 278675
13 520632
46 727209
12 312852
78 999243
89 114448
56 232677
17 484170
77 790564
73 154932
60 776181
46 362298
39 336689
63 572997
50 48402
88 413070
82 784417
46 88583
83 43683
16 238503
33 481124
32 146791
84 197236
65 614947
22 628448
66 31503
97 827550
78 190529
26 939014
65 367564
42 73991
48 347195
50 747037
49 886385
49 837210
89 382701
100 1000
oxoxxoxooooooxoxooxxxxxooooxxoxoxxxooxooxooxooxoooxxxxxxxxooxxoxxoxxxoxooxooxxxxxoxoxoooooxxoxoxxooo
90 274724
77 425835
92 564402
32 418326
93 857367
9 638590
81 735048
38 399827
70 258804
75 864841
9 678156
9 61649
78 545291
73 997947
90 299068
47 235105
31 78409
18 780769
36 715236
64 710556
87 386252
21 69411
66 928292
63 910436
10 29449
49 253682
1 992201
58 159652
1 827835
57 409561
64 949165
68 217044
23 821956
13 186734
33 713257
84 142497
42 279137
83 253511
59 713847
41 910876
83 971925
83 967251
43 479886
59 534320
69 833556
30 467325
16 104897
23 326645
79 198531
92 496747
7 443371
29 527646
77 883853
54 446287
57 977806
2 857345
82 554422
20 430208
21 984201
61 374730
90 424759
20 633180
84 42773
39 489211
72 505905
73 669441
6 657903
25 704486
11 10947
17 655805
70 540638
4 454834
98 370449
70 162070
98 882272
7 205109
20 411557
93 869389
64 314463
65 211984
60 377260
11 802346
38 594862
47 125973
9 206658
12 110912
79 327631
27 875058
37 967138
95 569079
27 606629
24 189142
24 128826
48 988866
44 449834
21 296359
48 598624
68 411311
62 154590
30 315645
73 835413
45 624894
55 992301
27 861121
67 53429
24 841550
19 720738
37 678242
60 121925
27 325555
94 900659
7 431555
73 753320
24 209119
84 896500
2 785507
91 951319
8 411306
16 426702
35 452112
51 735329
71 140187
5 357056
11 854684
92 34590
66 567090
79 834854
28 950881
42 874212
83 528785
5 201115
81 535327
26 241043
40 645108
19 251762
20 664226
29 907232
37 992211
99 171895
93 259618
77 543484
74 658083
28 858054
5 999214
51 285315
93 535681
67 358642
46 671565
60 17639
30 300132
56 930243
46 805546
39 317825
14 134464
24 161003
25 728907
61 253492
57 599175
98 28657
54 360162
46 642739
2 833103
19 966849
1 633767
31 854043
53 802943
80 930960
67 654462
76 922597
52 771207
82 699357
1 304436
71 403455
26 580745
14 534703
15 262433
22 869452
65 695172
62 632905
12 853490
95 295540
73 787583
60 781273
89 507987
18 747320
36 303819
14 295658
38 915876
86 28216
50 163926
38 953878
52 256710
77 554596
94 692332
82 313523
27 674447
68 234957
51 868265
37 420425
65 236449
77 171795
47 130773
31 664873
70 199268
46 59620
15 288710
81 822255
41 869529
81 46356
94 564351
38 624032
38 1643
17 217178
34 391569
25 762509
2 321699
95 200988
89 918108
31 15470
40 108004
73 513272
57 121289
17 491187
12 712377
29 69028
58 930123
23 548227
70 68400
84 318024
87 919359
98 120689
8 531188
35 726231
17 220240
49 599373
38 849493
7 241307
76 964523
90 477950
18 786387
87 469977
81 756388
70 164627
44 299959
50 317459
58 563182
16 9429
37 276175
57 60015
12 510063
6 824657
27 804736
42 330335
30 831161
86 962508
46 387965
20 334056
81 967038
73 1843
38 497684
55 35369
69 757447
55 187938
19 813160
57 46388
14 940043
76 682776
71 969711
41 30387
45 854098
43 418418
1 941729
16 419118
48 283859
6 208467
11 740260
74 875110
28 321336
85 564031
39 343703
71 457717
1 997814
92 544875
61 186307
70 768395
57 84507
95 798818
71 488340
36 451353
95 638894
99 586443
98 420006
83 425914
1 557303
68 392188
7 600362
89 701102
82 506749
77 82051
12 853940
48 249810
56 586312
22 964681
47 782913
44 879553
93 592204
46 833662
14 960251
14 786253
95 765872
53 418558
18 61049
7 997112
19 398338
42 293555
29 478662
93 707075
26 108343
10 172327
68 604140
15 345765
93 34226
49 724903
87 471705
20 28381
43 205947
82 120161
10 599301
59 351143
70 745489
55 282620
85 704413
78 321826
60 661449
80 220361
40 62383
85 461930
52 261903
37 123787
96 214338
22 487535
25 631810
96 203631
89 757670
60 261452
53 232174
53 243659
59 533765
44 749340
18 575987
43 493504
15 52177
87 251328
60 174968
4 564038
77 43634
94 842293
24 175618
32 939256
43 633401
68 469148
4 744778
27 802160
50 310993
79 506458
89 553903
22 525348
48 471745
68 952862
28 184493
64 552369
93 84822
3 936272
44 473288
26 742781
23 592587
75 488614
14 957437
85 648610
69 874975
29 671760
84 155028
59 67661
57 6485
37 789836
96 570125
86 968159
55 253216
3 948089
19 812662
81 349543
21 935501
63 258963
56 161632
93 677718
9 62639
80 498188
71 62935
22 877141
63 619073
7 809452
57 41883
45 360495
77 198393
8 537954
74 515803
30 932653
39 758356
24 860592
37 615539
17 472945
36 920489
35 928546
33 86035
30 85545
13 505366
51 410656
27 672607
77 358698
40 596084
92 398404
67 816851
6 595893
14 39022
98 495192
40 27496
93 365440
9 488324
79 447758
80 648727
33 279466
44 944651
59 217691
74 977623
70 520959
15 989391
27 718296
84 766769
85 897798
54 803376
44 493054
96 393830
67 811559
62 701534
42 456511
52 308971
32 504351
51 458801
63 903581
22 814781
38 42832
93 343900
16 126764
91 108020
71 465513
81 450255
35 774970
49 849763
80 242588
47 362197
49 901555
91 984130
91 441139
67 644297
66 912056
83 285609
23 779601
65 748719
49 772879
36 963629
96 800836
30 713309
92 774318
32 678686
83 147070
89 748708
74 228400
10 970880
18 692119
17 530608
61 106957
84 75413
73 962075
17 341977
98 197220
36 6047
65 235840
22 90213
40 315129
25 59766
29 326131
54 27173
89 57662
63 740419
35 162284
87 386657
75 119945
75 704853
14 802552
67 366027
38 868785
2 30531
66 607780
53 147485
74 405992
29 417810
86 532075
2 803003
43 475738
79 855867
41 363502
68 423612
33 220944
60 598168
31 691644
53 572323
28 852618
64 214108
75 756299
97 416009
93 85194
49 410763
6 795151
52 723355
11 306241
21 425260
92 854447
63 669539
30 10039
66 131590
50 748251
24 294815
68 339468
66 577617
4 386866
89 774407
86 827442
71 89326
85 947989
37 409832
49 908252
43 923970
45 200314
61 870792
29 893917
30 428387
41 738996
51 759386
38 748474
48 690580
76 846978
33 607397
72 682858
51 813363
24 542105
50 401426
40 574636
9 729406
96 951606
55 501654
91 635282
98 4040
38 169592
37 969092
61 133131
15 569756
18 157361
97 654527
49 906578
43 987416
32 207434
41 415390
83 746940
55 73371
17 777695
99 576771
94 21415
38 303605
42 376939
7 625422
57 965070
36 490178
66 888681
61 479000
78 645297
86 243939
94 887959
79 667503
74 836826
50 366147
42 832248
99 543848
44 40078
66 561019
12 636499
84 443438
89 381617
38 240350
51 111022
68 581906
1 218467
35 641752
77 517876
68 774027
46 82831
42 1926
65 83089
23 801444
76 909577
90 572887
55 548902
51 663995
92 466290
95 233519
84 656397
68 366333
14 157621
78 497641
14 866393
39 62901
62 444544
46 897005
18 126951
33 683502
52 60909
78 615305
95 789063
49 573033
15 216348
26 865367
5 138327
80 263959
93 788838
4 520499
99 65970
64 120805
22 164577
85 70848
73 716256
31 877109
40 10737
27 419678
34 804416
20 87855
17 315613
43 926211
37 701271
35 298942
78 984472
34 661690
79 919190
36 77305
2 316654
35 924348
36 418853
94 326424
70 326573
7 262093
92 255163
49 184455
67 819520
27 573770
13 817185
31 527250
97 208502
63 368448
55 487784
70 760513
15 626608
25 353697
64 519020
21 507753
37 458925
35 492931
49 636144
36 317566
74 820753
16 492804
22 280397
71 472297
6 241695
89 649293
30 319200
12 566618
60 127368
91 540323
53 633138
56 491978
37 334272
19 322501
73 694997
97 458781
15 531401
27 670039
57 4341
52 817047
30 499431
17 8217
98 908847
2 313493
64 527852
78 198953
4 418242
5 285754
22 192191
22 755631
72 764673
37 919288
29 198698
20 624222
59 731661
42 481777
11 940311
49 82425
84 97530
63 918076
41 766084
60 302721
73 324310
82 453189
82 713081
86 920039
18 455933
37 290177
84 428652
28 890372
27 388371
32 940458
23 378492
42 210542
27 451504
52 617754
43 761997
8 918264
72 541653
9 119158
88 129327
6 248837
16 878521
47 272593
96 969763
41 16539
39 51464
54 203166
47 12583
66 422329
97 575028
36 714376
27 993260
54 423329
30 553147
51 305996
54 98033
19 784083
94 610197
65 316429
36 219640
10 454444
73 322668
33 733762
56 620371
90 832039
13 228876
92 532421
67 211757
36 273399
6 530939
11 447375
37 166930
26 638229
91 288132
19 873436
93 836680
95 811578
88 18191
84 10948
23 734133
94 350311
2 905752
72 701494
32 387537
63 882410
87 586990
93 580150
2 77592
54 47396
10 205739
15 906198
96 281414
67 718117
34 779466
25 970869
25 604754
91 992957
5 236615
91 660716
66 218398
68 58977
25 905612
77 592009
79 373856
14 865278
99 76586
87 622012
34 5602
79 690307
2 585543
22 331368
21 982354
51 733504
73 51478
58 359470
91 453695
90 107965
86 573925
39 858861
93 855728
50 43726
73 11965
87 323016
87 522216
71 318985
65 674496
15 330758
4 491028
11 908521
2 974832
12 845083
92 202789
8 304184
64 169371
41 724492
91 403533
48 506467
24 950305
68 433064
94 359155
96 612982
27 918752
44 723203
72 40703
3 984988
19 416066
66 960412
11 299469
84 911918
14 943990
29 42993
11 437330
65 279371
8 895292
42 892858
65 13538
58 320800
47 482281
20 374772
51 708429
90 571221
33 706182
75 776051
23 828930
15 507193
81 357081
37 153144
19 132348
24 698395
31 694004
22 314789
99 129794
85 156182
78 195942
61 684113
25 407064
95 61568
3 303316
98 635247
29 558290
59 421515
55 725328
98 226131
95 39876
94 401667
83 548481
17 957772
93 352043
25 839404
6 161258
97 485057
33 778848
85 197918
60 416946
61 730759
95 491954
95 923308
16 759634
21 591309
14 623018
32 566093
27 709429
76 882476
48 186873
88 642158
83 761746
81 949154
77 706542
51 655459
48 496586
23 131425
30 571193
90 722173
7 236873
49 163039
22 822807
14 64092
26 802051
66 626410
87 701149
25 369756
37 428485
83 36190
70 465980
46 291217
44 594216
59 467456
81 510077
12 12586
58 535812
6 155896
38 453811
25 923557
4 199258
36 277487
41 851236
56 396004
64 966150
89 447451
71 123841
49 427398
2 194012
82 399816
55 117185
69 94
52 620728
87 44318
89 375975
54 363102
98 34191
78 508342
47 287829
16 714202
71 852889
40 718811
38 933023
53 211137
94 73765
19 380178
28 56056
57 876648
57 536259
69 267673
54 888838
35 520169
10 271362
89 357510
47 965558
63 329520
10 266067
58 827879
90 227242
82 358826
44 682670
30 524658
85 635626
51 415508
29 322270
85 600470
41 830305
32 683191
33 181852
1 177208
26 628763
93 482207
65 587761
78 610269
60 865452
33 148712
61 740801
75 286846
45 591027
86 64663
43 418236
53 157107
91 302121
28 866558
4 913701
97 147733
89 583196
60 953643
40 456376
5 535014
100 1000
xoxoooxooooxxxoxoxxxxxxoooooxxxoxooxoooooooxooxoxoxoxxooxxoooxxxoxooxoxxxxxxxoxooooxxxxooxxoxoxxxxxx
18 16205
86 863594
35 60320
69 215547
41 918246
21 472634
83 488778
60 315116
45 789349
86 527093
22 472613
96 44366
28 459132
76 601071
11 167716
48 351187
67 367424
94 580958
92 536222
58 772583
20 774223
19 921753
73 354090
15 973872
82 904019
88 142228
68 434456
85 91750
44 816135
72 996684
14 382705
78 200475
50 562650
79 694224
34 610640
72 102394
12 744726
53 164214
64 777365
98 274957
65 671753
50 90718
69 636481
27 548851
92 875287
63 469169
17 893404
83 524472
13 483779
4 103979
97 234556
95 479280
62 746869
91 110800
11 814283
72 238320
73 319292
7 108595
54 544208
51 441090
30 719331
50 193838
53 612605
6 101490
93 486059
8 190801
79 928192
97 216247
47 346277
67 231997
73 229154
31 162946
57 832057
84 20568
68 961689
51 312110
49 404620
37 326457
29 256959
63 113607
48 666119
12 979983
70 523542
66 302074
93 39627
74 546729
68 520738
9 333577
40 497566
30 245410
28 848506
2 656625
78 96170
72 270348
80 443732
27 612497
5 721064
52 220511
43 305059
89 630776
47 89359
99 613466
63 403530
37 995594
99 817538
10 876700
44 831225
97 435519
47 549110
27 313226
2 122524
52 619042
89 34552
77 120897
17 911192
65 684295
25 961879
75 126998
66 761154
91 782854
76 396297
88 793790
7 741934
40 187619
50 967878
79 316587
16 942917
54 966693
30 807883
34 833429
95 388316
8 235976
56 331835
6 748306
92 1915
85 220735
92 223416
85 658436
54 760183
51 289095
87 346897
52 334814
58 574012
5 783632
37 938150
29 617321
30 651135
47 709362
15 732621
8 625013
43 505178
71 165450
64 376622
31 726646
75 669938
20 381217
9 654125
62 339350
75 566591
49 126382
97 256392
39 863908
10 629702
12 406848
33 547288
26 129560
11 910311
9 813761
49 635245
88 940088
16 588850
83 354719
78 586389
87 503813
7 333400
63 174070
10 922952
28 13670
81 127598
38 947678
57 485080
87 243701
58 404950
37 198674
31 114219
27 861728
32 9121
70 495097
51 426866
58 264840
87 661807
57 866409
19 509590
11 170115
23 333298
14 344775
9 711382
42 730119
93 162287
70 672877
99 100256
68 528628
3 267403
34 221237
88 55337
8 487237
11 957688
71 334605
49 750074
29 137167
27 138864
46 934452
38 586767
1 999279
60 626065
51 58262
64 723112
86 868400
52 643317
19 201133
10 608415
14 448500
89 558366
47 549731
64 320527
6 940866
13 168838
24 342338
37 572590
77 21009
89 530124
54 957678
40 215216
19 276452
55 948416
29 589889
62 198657
83 639283
25 854195
85 98166
4 875910
72 150463
43 947052
62 316702
16 350769
72 234647
60 966037
57 166830
59 51104
88 72487
12 437216
76 72700
55 733466
20 909247
89 900995
61 762382
94 79146
6 854354
27 921996
12 62190
2 541469
46 186359
3 5511
58 721460
75 796468
75 572484
61 972673
55 385908
11 873516
90 810151
79 818917
87 67765
83 518079
6 440611
56 609525
49 229190
96 799635
15 691202
94 768736
60 894462
17 722959
53 831591
84 144831
88 918122
79 512651
87 825560
27 333507
28 262332
64 848146
16 808011
51 205741
73 641366
56 969101
44 359575
57 745228
15 335743
35 753684
46 680169
72 384830
9 949564
10 359265
9 261750
69 701150
44 60708
67 227023
49 523316
22 905918
61 987194
7 497248
24 129206
7 117156
33 743365
4 148633
58 802057
11 570879
25 463646
60 559446
54 139266
65 765828
59 809890
53 68690
48 458318
28 497887
49 882329
11 308631
91 786665
9 509186
55 812978
99 986265
84 707631
77 915710
26 3638
38 413023
63 252102
73 859227
33 688052
25 911549
97 935227
84 624584
82 437272
15 861793
8 875352
93 786668
30 545147
75 336067
1 846427
20 940405
85 243282
2 509318
56 48629
65 590079
96 812812
64 432105
40 427413
37 598297
40 506253
93 637676
70 863771
8 586285
79 197275
12 178047
31 206830
1 410117
86 988230
60 978199
73 804330
28 289889
15 586255
61 881531
35 295032
74 427406
45 972620
18 699241
52 489424
10 761660
6 756932
6 763103
50 90860
50 446576
4 125358
75 115946
32 509402
44 579532
89 160531
97 625674
98 973592
96 773199
37 118160
51 815306
39 790667
17 326985
79 549374
78 27711
23 296010
61 235674
33 415412
1 383758
35 306509
10 20469
45 940702
46 438954
75 731925
81 409560
54 717294
97 974019
89 834533
33 571910
31 907442
94 56843
33 590257
80 657522
87 676838
29 446833
21 520919
43 450386
42 146146
4 924968
29 617842
25 244507
12 75744
68 359446
32 35880
65 326886
9 563678
14 179475
9 192595
5 675954
70 910978
14 369131
68 622790
53 442571
43 225206
23 679710
38 218418
49 210885
62 659092
47 237141
16 50741
52 187347
67 464106
63 801056
55 720169
69 42485
98 632499
11 95746
37 747482
74 56928
15 422207
46 364789
37 177204
96 967488
7 695058
90 563970
51 768655
42 876568
3 634489
89 405812
70 670984
77 18508
37 892614
32 75123
46 168921
46 645485
97 385038
8 264454
81 102297
33 431239
45 952922
8 543152
60 779228
10 987039
52 613694
18 317429
53 873850
87 104511
78 482893
58 922910
21 344386
80 275644
92 95019
50 324367
91 804742
59 511022
1 299869
27 511942
14 506596
21 525516
34 408183
83 437669
30 695232
74 81199
86 270868
30 862640
34 605207
23 861028
96 194732
97 413892
51 973704
17 273488
18 11790
10 385372
78 800761
93 671377
65 270182
95 523679
41 200280
1 176240
97 125337
30 602753
37 177162
52 947120
23 681878
17 404070
3 318628
24 961857
75 495689
50 881505
59 774466
62 21744
15 210981
13 526412
23 666651
80 398760
41 741530
46 555234
60 497995
10 839640
43 412419
52 868157
55 953969
63 94166
5 209944
82 262459
49 44902
82 61760
97 862328
16 699847
7 323525
35 870020
4 616469
21 16450
73 476661
39 810687
52 132502
59 136477
66 57912
37 568831
29 722664
29 284968
59 148195
37 56152
5 967601
73 572203
46 854603
53 872532
83 900179
8 618237
2 261421
70 265918
37 140471
58 996744
44 665741
67 498941
9 429567
48 672321
6 163339
21 620986
37 821
18 938417
98 668113
27 359197
44 699928
34 461482
77 439061
94 387974
28 162497
12 810616
44 982994
42 732993
72 126169
16 23024
69 166489
86 453150
30 869900
83 55436
70 202513
6 622655
41 424769
55 412844
40 844239
29 959711
2 218237
35 351324
14 596235
94 646494
61 5980
63 528261
46 829878
32 856129
49 889328
1 754141
25 358899
31 510632
43 493635
81 647496
33 240643
46 860960
43 893885
76 692813
54 812950
41 728873
77 525174
40 24101
49 271247
93 87532
86 824496
13 768767
94 767523
73 967061
27 719225
18 115382
58 254467
91 451450
41 221327
56 671173
35 516271
5 402261
97 173529
32 945551
14 822941
41 638054
14 391105
6 347181
94 202569
43 936137
27 477854
75 914364
19 576915
84 913374
30 59130
51 865221
32 500942
75 165899
94 210193
71 151949
27 144530
5 713272
63 713173
45 726966
84 407397
71 353886
45 263675
93 650273
9 666765
20 155182
15 664543
2 333997
21 320586
71 872658
78 611344
21 80262
52 330960
42 840564
31 886688
67 476225
72 263334
24 212038
79 614711
76 367597
92 942308
25 40073
60 92235
49 805038
97 873965
91 459949
61 218653
75 757533
34 366446
25 110095
1 681976
75 579921
25 416430
87 988669
13 170621
90 345319
54 911746
10 236130
36 275813
92 933151
75 718862
4 635084
91 449660
47 3477
94 23416
85 101941
57 216243
65 683404
56 473820
81 212867
13 544688
71 273719
81 459929
78 976764
34 67368
45 401869
49 819364
40 756447
24 462272
63 601479
54 906198
9 223783
8 901633
87 787815
23 95610
28 536243
38 75219
94 613082
72 352513
32 303591
38 16111
10 238813
19 775114
24 620849
34 787885
56 755777
35 958450
93 332874
33 919448
99 751885
49 154074
83 655354
21 130792
3 797142
48 890983
93 419536
5 322542
69 775271
47 169958
64 851392
76 651149
61 168276
82 619430
49 469680
35 170894
66 70286
70 542395
66 554258
27 26777
78 156490
1 484834
57 341204
67 750724
28 937733
16 28944
90 911226
10 912644
1 322395
4 129707
2 103655
92 46342
17 625566
17 415931
50 261922
49 563925
16 393170
94 27139
52 888836
95 367199
72 731246
67 132044
1 625291
12 271029
63 609465
45 256110
48 217686
32 887058
94 891188
45 55777
88 778399
69 604224
39 701162
76 422293
22 925576
66 932916
80 734690
54 848348
5 625999
76 824016
75 36462
29 464933
53 898928
84 613749
4 687682
88 975928
20 838281
96 670351
16 727864
47 162142
40 431191
29 859316
41 676369
96 42211
43 343391
8 54181
89 462702
38 633999
90 387454
87 184448
45 466328
85 573918
29 256877
21 360402
48 369616
79 670883
77 650304
4 483037
87 754213
56 661742
71 424176
45 993806
92 267738
1 281210
1 908255
76 246678
60 142384
8 195541
39 97568
29 900353
92 627541
71 300692
14 134137
82 120868
73 825326
29 18655
96 531235
99 169081
54 156616
71 970515
82 432300
95 472155
4 70492
26 973943
28 256341
26 667945
59 994586
86 678076
68 268715
71 49774
2 614256
82 376244
72 597239
85 944461
77 511966
76 851427
98 164872
96 518948
73 991276
42 919773
73 916241
18 647848
61 72704
2 555899
67 641218
67 468161
69 706803
63 917314
26 906079
62 574247
1 809453
58 878661
9 749254
1 726038
75 923202
77 20848
7 266230
77 750267
95 27321
93 713054
45 944540
28 956714
7 58321
50 955382
37 768505
31 415148
48 471653
35 68633
42 207768
34 510490
74 956832
62 970410
6 232735
45 594698
13 59544
61 444945
97 521669
69 655424
77 792037
33 577092
28 173137
48 138497
51 802399
30 898398
15 518151
5 141134
73 972927
66 214394
1 864922
75 982067
48 633194
68 444899
22 345021
46 251202
51 743830
9 213949
40 820532
51 594458
37 592278
78 149447
41 934445
35 101761
46 434826
87 113031
9 125245
55 256915
95 554812
96 429651
56 318486
11 553240
17 25497
82 495633
73 152337
41 501662
13 615649
57 371393
2 974392
62 973816
90 789306
89 741668
10 214648
49 705691
64 216747
19 185643
83 848897
23 630252
46 538774
49 753125
39 248678
27 952075
9 422247
99 930772
68 796619
52 838559
10 24137
53 533178
82 95161
22 524595
44 406913
63 879843
68 965470
22 646553
90 668682
31 711704
60 687168
75 298037
34 503596
73 538755
33 649747
58 402490
62 957540
58 429019
10 690886
87 397310
14 180201
78 869958
33 819950
93 166265
70 948892
46 922342
76 574450
94 778176
91 965538
11 894611
87 694243
63 321870
76 749118
89 737185
93 220852
37 570505
22 444351
86 63074
12 989676
74 785635
1 623657
9 607329
39 444705
85 792503
66 218786
51 541877
62 984212
98 597514
0 0
