9007199254740992 9007199254740992
281474976710655 562949953421313
281474976710657 562949953421311
4 5
68719476736 281474976710673
2 4
2 2
274877906944 1099511627771
281474976710656 562949953421311
3 5
68719476721 281474976710673
1000000000000000 10000000000000000
68719476736 281474976710656
274877906947 1099511627776
68719476751 281474976710622
4 4
274877906947 1099511627766
274877906941 1099511627781
68719476736 281474976710639
281474976710656 562949953421313
274877906944 1099511627776
281474976710657 562949953421312
1000000002013 100000000002014
4 7
68719476751 281474976710656
1 3
281474976710655 562949953421311
5 8
274877906947 1099511627771
3 6
281474976710657 562949953421310
281474976710655 562949953421312
68719476721 281474976710656
2 12
4 6
274877906941 1099511627771
2 3
68719476721 281474976710639
3 4
1 2
2 5
281474976710656 562949953421312
1487914514707131 2415492281118605
7212454860510533 7440710822363346
68719476751 281474976710639
577465050447186 9417725842104652
4327020527636410 8729884804972221
4167503672568478 8773767250645400
8337782628523210 8932388156309700
5862929475887152 8600387887017157
8984972341374546 9066296123929333
3527099906134471 9689566323236798
3768410114931803 8488307544848862
5140004672626538 8658908399706785
4040094174757553 9689813121429598
274877906941 1099511627776
3360866659052308 7289356582089321
1046714146204428 7930783470144999
4150330269272465 4967933048751806
10000000000000000 10000000000000000
9999999999999999 9999999999999999
111111111111 111111111111111
1 1
1 10000000000000000
2 4294967296
9876 123456789876543
1 1
12345678 12345679
5000000000000000 10000000000000000
3 3
274877906944 1099511627781
