0.0
88.9
96.0
42.9
66.7
96.2
50.0
16.7
14.3
57.1
33.3
66.7
80.0
16.7
50.0
57.1
22.6
19.4
57.1
3.2
66.7
40.0
0.2
0.8
33.3
66.7
0.8
50.0
57.1
97.1
33.3
20.0
16.7
97.3
75.0
33.3
33.3
99.2
36.4
6.7
66.7
66.7
80.0
93.9
16.7
80.6
85.7
3.2
42.9
33.3
16.7
33.3
0.0
66.7
4.0
83.3
3.2
4.0
80.0
80.6
80.6
96.8
50.0
33.3
99.2
42.9
16.7
0.0
66.7
16.7
80.0
42.9
50.0
20.0
16.7
0.2
1.4
19.4
80.0
42.9
0.0
6.7
33.3
96.8
20.0
80.6
33.3
50.0
83.3
33.3
14.3
66.7
33.3
96.8
3.2
33.3
80.0
0.2
57.1
80.0
66.7
83.3
50.0
22.6
100.0
19.4
9.7
50.0
9.7
80.0
99.2
57.1
16.7
33.3
66.7
50.0
66.7
25.0
19.4
50.0
96.2
85.7
50.0
80.6
83.3
33.3
57.1
3.0
66.7
16.7
14.3
83.3
96.8
46.7
83.3
57.1
16.7
50.0
19.4
96.8
83.3
96.8
19.4
33.3
50.0
50.0
94.1
66.7
80.0
33.3
16.7
50.0
77.4
50.0
3.2
50.0
50.0
96.2
3.8
57.1
83.3
50.0
90.3
16.7
4.0
33.3
96.8
66.7
83.3
0.2
100.0
50.0
33.3
57.1
50.0
57.1
83.3
96.0
0.0
80.6
96.2
42.9
66.7
16.7
11.1
3.2
40.0
60.0
36.4
96.9
50.0
50.0
66.7
77.4
80.0
19.4
0.0
14.3
96.2
16.7
80.0
25.0
33.3
83.3
33.3
42.9
99.9
33.3
83.3
88.2
16.7
14.3
66.7
97.3
66.7
53.3
66.7
33.3
14.3
80.6
90.3
