148907474
233697512
99151614
234332278
95401002
41311646
286358644
141070558
124160768
172174074
69595338
138433840
110733034
202349854
357647708
126422120
210235598
273150638
41729738
102517702
314630128
84576418
291436770
37136842
234649660
68313600
206768802
234136966
70294190
129302980
87725832
184625246
121563722
81301880
117153932
225738526
288458254
168264772
146514894
128738404
270977784
151080324
124346926
179840090
169122316
106256106
33901978
92828372
282891848
102056886
276885988
96441652
312286378
119241334
125796510
90679934
157305910
215533450
91925050
175543214
117950442
333209232
97882082
251031498
294219974
45755006
169464114
217144778
186114504
190435792
103335572
173883058
93634036
129986574
309503176
110623170
316778568
210162354
88980104
29617310
355548098
130963138
112042238
387847904
154971314
192388918
211749270
307086184
139981080
94439700
177081302
316949466
365606690
68557740
154019166
117437746
266876222
220416260
104620364
208551026
83770754
244342044
266827394
90289308
58145142
54446412
294659426
262652590
32217408
114068606
288116456
112820436
114102174
159869386
173599244
39627076
307598878
146295168
371905520
323492434
202618410
173345950
262237550
258355714
13262942
70510866
318194582
183843998
239532474
349322512
239776614
199957278
90713502
149124146
326983644
206695558
69473268
87799074
39907838
304058840
106045534
217974854
198272708
192047120
100860598
188775638
182354738
85330202
305255128
100201418
132061770
69949342
325274660
126126100
147393802
199761966
260919190
144927980
128350832
250250246
212188722
139114380
87466432
191363526
279083254
76077272
187139894
61550904
161602784
266705324
64971926
345465090
159747316
321881106
154214478
158453372
373516848
217681886
17510988
262066652
302911378
127053834
146109010
156304934
247930910
331158450
232550050
141168214
308575442
148834232
338507082
116656498
184844974
103567506
110089114
182769778
376739504
206060792
123648072
239508058
184259036
245611574
250128176
93435670
107403568
225787354
109292604
162429810
246173098
246588138
252667238
153472904
150283814
208013918
252374270
172711184
85293580
210064700
117706302
282574466
156231690
76370240
74331666
383062746
157501222
136041260
245245364
174176026
274395754
259967044
307452394
155914308
103457642
112258912
235284426
228277590
127529908
129693606
328741456
145632936
59414674
75494386
43911744
122439576
98223878
361920168
212530520
189117434
93243410
288970950
202862550
223980714
203887942
78323366
158819582
249468998
330157474
264947512
380401614
165582278
86026002
156936646
167608644
72320558
114785768
203424074
110220338
269683840
101358034
233599854
238897708
257672120
191485598
304400638
122979738
68142702
295880128
315826418
172686770
102761842
215899660
83938600
288018802
165386966
251544190
160552980
168975832
115875246
302813722
96926880
157778932
156988526
69708254
83889772
227764894
94363404
252227784
182330324
205596926
311090090
350372316
337506106
74526978
224078372
64141848
133306886
158135988
227691652
93536378
34866334
166421510
221929934
138555910
246783450
173175050
106793214
99200442
164459232
179132082
182281498
275469974
61380006
250714114
148394778
167364504
221685792
43960572
105133058
274884036
161236574
190753176
76248170
298028568
241412354
29605104
95242310
136798098
162213138
193292238
319097904
145596314
223638918
292999270
238336184
130606080
125689700
258331302
248199466
146856690
84182740
94644166
248687746
248126222
251666260
185870364
339801026
265020754
75592044
348077394
221539308
148770142
70071412
175909426
193902590
122842408
145318606
169366456
78445436
104727174
191119386
114224244
105252076
88848878
177545168
253155520
254742434
183868410
204595950
143487550
189605714
194512942
86135866
199444582
115093998
220782474
180572512
121026614
331207278
81338502
64749146
208233644
137945558
60098268
119049074
80532838
235308840
96670534
49224854
79522708
123297120
282110598
220025638
263604738
150955202
286505128
131451418
213311770
135574342
106524660
141751100
228643802
131011966
242169190
376177980
209600832
381500246
193438722
154739380
28091432
122613526
60333254
91702272
68389894
127175904
142852784
297955324
146221926
276715090
140997316
153131106
94839478
289703372
154766848
248931886
298760988
193316652
84161378
42678834
86734010
287554934
29180910
362408450
113800050
72418214
89825442
180084232
219757082
247906498
366094974
119192506
191339114
114019778
157989504
237310792
64273072
170758058
165509036
276861574
331378176
59060670
288653568
257037354
149917604
28054810
227423098
277838138
333917238
84722904
40908814
39263918
133624270
103961184
75918580
241314700
198956302
213824466
337481690
91995240
114956666
114312746
338751222
167291260
326495364
105426026
255645754
91217044
188702394
287164308
94082642
127883912
316534426
159527590
118154908
360943606
209991456
111257936
150039674
106744386
272662354
70230104
60867310
318048098
193463138
274542238
50347904
136221314
254888918
174249270
169586184
121231080
156939700
339581302
179449466
328106690
99807740
35269166
179937746
229376222
282916260
267120364
71051026
246270754
106842044
229327394
152789308
39395142
185696412
57159426
125152590
13467408
176568606
250616456
144070436
95352174
222369386
54849244
70877076
270098878
208795168
134405520
185992434
165118410
235845950
224737550
320855714
175762942
101760866
280694582
246343998
202032474
211822512
202276614
62457278
71963502
80374146
89483644
69195558
150723268
350299074
121157838
166558840
187295534
80474854
360772708
54547120
63360598
51275638
344854738
116580202
267755128
162701418
94561770
101199342
287774660
57376100
309893802
262261966
223419190
7427980
90850832
312750246
174688722
70364380
68716432
253863526
241583254
107327272
349639894
92800904
124102784
129205324
227471926
7965090
122247316
184381106
35464478
220953372
336016848
280181886
180010988
124566652
265411378
58303834
127359010
218804934
210430910
193658450
195050050
203668214
271075442
211334232
101007082
179156498
147344974
134817506
272589114
245269778
339239504
268560792
104898072
102008058
146759036
108111574
212628176
124685670
69903568
288287354
90542604
93679810
208673098
109088138
215167238
215972904
131533814
70513918
214874270
235211184
66543580
72564700
280206302
345074466
118731690
107620240
155581666
45562746
120001222
198541260
207745364
236676026
236895754
122467044
69952394
218414308
84707642
143508912
197784426
290777590
108779908
192193606
91241456
76882936
40664674
337994386
125161744
153689576
60723878
224420168
175030520
251617434
255743410
151470950
165362550
286480714
166387942
109573366
321319582
111968998
292657474
127447512
142901614
228082278
67276002
88186646
130108644
134820558
96035768
265924074
91470338
332183840
82608034
96099854
201397708
320172120
153985598
166900638
285479738
99392702
258380128
178326418
135186770
134011842
178399660
115188600
250518802
227886966
214044190
223052980
131475832
178375246
265313722
128176880
139028932
219488526
32208254
115139772
190264894
125613404
214727784
244830324
168096926
373590090
312872316
200006106
155776978
86578372
226641848
195806886
320635988
90191652
56036378
166116334
47671510
284429934
101055910
109283450
135675050
169293214
261700442
26959232
141632082
244781498
237969974
92630006
13214114
210894778
129864504
84185792
125210572
167633058
237384036
223736574
153253176
107498170
260528568
103912354
110855104
126492310
299298098
224713138
155792238
181597904
126846314
286138918
55499270
300836184
111856080
188189700
220831302
310699466
109356690
115432740
75894166
311187746
210626222
314166260
148370364
202301026
227520754
338092044
110577394
284039308
130020142
101321412
138409426
256402590
104092408
207818606
331866456
109695436
85977174
253619386
95474244
36502076
51348878
240045168
215655520
117242434
146368410
267095950
305987550
252105714
157012942
117385866
161944582
177593998
183282474
243072512
283526614
193707278
62588502
95999146
170733644
200445558
41348268
181549074
61782838
297808840
77920534
311724854
242022708
185797120
244610598
82525638
226104738
82205202
249005128
193951418
175811770
66824342
269024660
73001100
191143802
193511966
204669190
238677980
172100832
44000246
155938722
85989380
109341432
185113526
222833254
122952272
230889894
158425904
105352784
160455324
308721926
339215090
303497316
215631106
76089478
152203372
317266848
311431886
61260988
255816652
46661378
73928834
67984010
150054934
191680910
224908450
276300050
134918214
52325442
242584232
182257082
110406498
328594974
150442506
153839114
176519778
120489504
299810792
145523072
233258058
328009036
139361574
93878176
90310670
251153568
119537354
31167604
59304810
189923098
140338138
96417238
147222904
122158814
301763918
96124270
166461184
57168580
103814700
361456302
276324466
299981690
123245240
96206666
176812746
301251222
229791260
88995364
167926026
218145754
153717044
151202394
349664308
75332642
59133912
79034426
222027590
99404908
223443606
172491456
142507936
131289674
169244386
65786744
119314576
241973878
55670168
256280520
182867434
36993410
182720950
246612550
217730714
347637942
125198366
202569582
243218998
273907474
158697512
224151614
159332278
157901002
103811646
211358644
266070558
86660768
97174074
132095338
263433840
173233034
327349854
82647708
51422120
135235598
198150638
166729738
65017702
39630128
209576418
16436770
99636842
159649660
130813600
331768802
159136966
195294190
254302980
212725832
309625246
246563722
143801880
179653932
350738526
213458254
130764772
271514894
91238404
195977784
276080324
249346926
304840090
94122316
31256106
96401978
217828372
207891848
27056886
201885988
221441652
237286378
81741334
88296510
215679934
282305910
140533450
216925050
100543214
242950442
258209232
222882082
176031498
219219974
108255006
294464114
142144778
111114504
315435792
165835572
298883058
218634036
254986574
234503176
73123170
41778568
135162354
151480104
92117310
80548098
55963138
237042238
312847904
17471314
117388918
136749270
232086184
102481080
219439700
302081302
241949466
90606690
131057740
116519166
42437746
191876222
345416260
229620364
133551026
208770754
169342044
191827394
215289308
120645142
16946412
219659426
187652590
94717408
239068606
213116456
75320436
76602174
84869386
136099244
2127076
232598878
271295168
96905520
248492434
327618410
298345950
187237550
183355714
138262942
133010866
243194582
108843998
364532474
274322512
164776614
324957278
153213502
111624146
51983644
331695558
31973268
212799074
102407838
229058840
68545534
142974854
323272708
317047120
225860598
113775638
307354738
147830202
230255128
225201418
57061770
132449342
50274660
88626100
272393802
124761966
185919190
69927980
53350832
175250246
337188722
101614380
49966432
116363526
204083254
38577272
312139894
4
4
4
576
72
